gender_acc: 0.8533564814814815
race_acc: 0.9001157407407409       
acc: 0.7494212962962963   